.Random.seed <-
c(403L, 275L, 939713183L, 1479272706L, 461581701L, -1099005097L, 
-1716496407L, -408215168L, 1003132159L, -1485605789L, -1807012196L, 
-1723183548L, 1988553917L, 1422183565L, 1419347791L, -136170444L, 
-1343198086L, -1150848556L, -696050138L, 1909353856L, 552398278L, 
-1148625214L, 471902728L, 311897544L, -33548003L, 1770849725L, 
-829339560L, 1192109436L, -268238958L, 742084829L, 784190099L, 
2034480968L, 1034408263L, -2048556999L, 318172538L, -407037617L, 
-1162461853L, 1729730459L, 293525230L, -2023555882L, -1354228931L, 
-1124822642L, -673422529L, -959790629L, -887318747L, -615879926L, 
614199524L, 1600149006L, 542001380L, 1859464178L, 54677675L, 
-199915764L, -118756440L, -1437324466L, -2093447103L, 1500612201L, 
122710639L, -1054449021L, 815629233L, -1682484823L, 497940654L, 
1139934515L, -1094836040L, 2098217669L, -790222831L, 58694867L, 
-1518005163L, -562288043L, 2139425977L, -1853492356L, -974306541L, 
800095481L, -936207740L, 1474419544L, -108593646L, -1178379632L, 
-1080885423L, -1158356258L, -1846895291L, 2036097191L, 35077494L, 
-1808712485L, 1025716584L, -697999975L, 911882413L, 657434790L, 
-788377114L, 1097154960L, -1649895743L, 306523146L, 2060421590L, 
-1081374913L, 2142400402L, 744990936L, -1333816619L, 2037974918L, 
-126930709L, -342123245L, 1259358767L, -1778242722L, 1230173789L, 
-1263744420L, -1135291844L, -788282989L, 407264894L, 594431604L, 
-223737838L, 1865399200L, 1550667749L, 1466599348L, -804850186L, 
1108135173L, -1658192224L, 167362205L, -1231710990L, 1173713414L, 
366799739L, -12989713L, -510884525L, 751169246L, 1585428895L, 
1063189160L, 1009279024L, 1118153196L, -1080579334L, -60639782L, 
36303166L, 1820260344L, 855954123L, -349498116L, 328059956L, 
171052135L, 1964068717L, -174061098L, -351533374L, -1183616124L, 
-891777888L, -308057417L, 1569201343L, -285172835L, -892345414L, 
1175311521L, 300962717L, 653546302L, -879003067L, -1488676659L, 
551317541L, -551287672L, 765076145L, 1989625647L, 1052321827L, 
-722846287L, -474837359L, 602878936L, -1346291525L, -180177955L, 
-583555292L, -54508872L, 921221217L, -481990487L, 1395067555L, 
-96608880L, 226537337L, 457365867L, 939842501L, 1445918811L, 
1715239229L, 1103980455L, -529108590L, -1364384099L, 1716966256L, 
60817511L, 159250020L, 1672159853L, 1694534569L, -924675171L, 
2032851294L, -21423683L, -91109167L, -170197059L, -2032520774L, 
1859217198L, -1872005362L, 579315569L, -742156554L, 373526705L, 
-1077758525L, 123213619L, -749751523L, 1081884741L, 789159536L, 
1505772821L, 110677521L, 475867593L, 218429908L, 237455175L, 
268228252L, -2058545136L, -1655534192L, 291266964L, 506364891L, 
-1794489336L, -304513140L, -432223553L, -286847102L, 1171332834L, 
-1025443867L, 213597930L, 454458067L, -1896055924L, 648382391L, 
-854887965L, 946390977L, 1498052132L, -1663598528L, -832844276L, 
-564757173L, -494398678L, 29683529L, 964345773L, -866370446L, 
1140207924L, -368318828L, 1141389867L, 756046698L, 1354194394L, 
772536690L, -1186360836L, 263756205L, 1728622313L, 420856071L, 
-1522341787L, -1684509414L, 663352500L, -1647901294L, 495726765L, 
-752507406L, -943139762L, 1214131086L, -566121938L, -209009020L, 
446619945L, -692133224L, -621655175L, -2097176177L, -382609496L, 
-1916114058L, -1429248912L, -481964125L, -1868863052L, -831896910L, 
146788074L, 861308580L, -2009224477L, -693660510L, -1351446484L, 
-839480869L, -1312177969L, -1665969150L, 2128696330L, -1387083544L, 
498939309L, 1872798587L, -1043043691L, -632619367L, -205253079L, 
978928760L, 732772346L, 979346535L, 959433527L, -1508070653L, 
-1753625868L, -1294552257L, -1158872004L, -386426296L, 574864441L, 
579845572L, 8057794L, -1771947396L, -1415022061L, 1117432520L, 
-1207243264L, 1694499782L, 308740747L, -2050352975L, 234252764L, 
93599895L, -1744005269L, 636839326L, 242901211L, -976244828L, 
-1277805140L, -908633397L, -1827711024L, 1818789145L, -472949910L, 
-1876472140L, 2074103095L, 189494270L, -1625591678L, 1779098962L, 
-577110567L, 706810277L, -1558714859L, 744760900L, 574730599L, 
676653356L, 1441897974L, -481469535L, -752388711L, 1067340784L, 
-1620808853L, 645533985L, 1275402385L, 1926163786L, -851682243L, 
1824168894L, -967643389L, -31161739L, 1794182217L, -1382611515L, 
920275204L, 2098760126L, -1277119519L, -2087293400L, -257727078L, 
1456184207L, -691387416L, 2146622700L, -478823568L, 467232820L, 
-846332054L, 1169749109L, 1155487450L, 1540596979L, 30267499L, 
-689338975L, 364544387L, -918616872L, 17638470L, -609666607L, 
-1269396854L, -317375820L, 1373699674L, 1742760592L, 237255579L, 
1819278207L, 420522170L, 1613646508L, 203613546L, 702158797L, 
2101379994L, 457104314L, -59483589L, -62376700L, -832033439L, 
-231660916L, -1343394856L, 2003478349L, -1230445954L, 29673869L, 
-383482171L, -1095925028L, -530229245L, 503654571L, -702204100L, 
1637056379L, 1478046085L, 1220843168L, -1747849094L, 1045800584L, 
-1868235148L, 1722940201L, -259850951L, 927139440L, -478764979L, 
-926467421L, 1815119968L, 1688363904L, 1411906808L, -612455767L, 
56525165L, 1363533291L, -4138907L, -271355111L, 1998557219L, 
676281126L, 1521552575L, 1268836291L, -579668019L, -2079928800L, 
425752078L, 2077421910L, 940920503L, -1921022730L, 133569309L, 
-874932739L, 1658782698L, 529832848L, 177361749L, -1219481264L, 
1279374956L, 1313705922L, 302048430L, 532311057L, 274425955L, 
-1402905629L, -430104186L, 763750343L, 123685445L, 500764145L, 
-836440090L, -62057152L, 1295084015L, -1055443025L, 636458022L, 
-1301178618L, 707999030L, -1765555086L, 314608004L, 1916242706L, 
-1926969027L, -170402235L, -1865765344L, 1230942094L, -870695094L, 
380666167L, 540774962L, 658761603L, 671507794L, 1231390756L, 
-1145959981L, 1623071356L, -820681571L, 985965533L, 758125077L, 
1218176809L, 1553349241L, 972784820L, -533146161L, -334002482L, 
-1579437106L, -84959444L, -1767035836L, 1578297286L, 1775951292L, 
1374727220L, -2009268936L, 930035406L, -2016432851L, 788124965L, 
170799721L, -1652379225L, 1455037545L, -456207336L, -1463746382L, 
382115128L, 1525204746L, -712936606L, 1406120122L, -1796883957L, 
2048716434L, 29029115L, 427006643L, 714849500L, 1851720325L, 
1411110544L, -430094088L, -1255047057L, 855461472L, -263113231L, 
-500095741L, 148329580L, -1573748596L, 787555219L, -154802157L, 
-1607771560L, 1190211684L, 746354725L, 618346611L, -1224627310L, 
2076075521L, 1814029960L, -359091211L, 590632733L, 2083286333L, 
-790984165L, 1248479323L, -442675746L, -1772493463L, 1840414285L, 
-206043973L, 582549331L, 678146985L, -1760359798L, 472759894L, 
-630843576L, 1967808166L, -1769712791L, 938289012L, -820430683L, 
655269342L, 384760426L, -1329694490L, -1210576554L, 137409506L, 
-1427007172L, -1456910658L, 466521133L, 1893461265L, -2127752982L, 
1386961672L, 493533746L, 938434955L, 17655183L, 698016817L, 1100606786L, 
-1637717030L, 1373175038L, -1834361507L, 1036104912L, -654392518L, 
-719746053L, -1112001087L, 1492694913L, 29587248L, 788859327L, 
-1920829425L, 1779879783L, 1906195184L, 1501290946L, 1452807016L, 
1231289184L, 234217587L, 183844941L, -1958484165L, 2000929262L, 
145831324L, 1856647226L, -1617130118L, -198423155L, -1773421510L, 
-2043774413L, 318463516L, 871374178L, -1657501014L, -2109717958L, 
-1539581660L, -2076514256L, 1930239444L, 1594613269L, 1468736001L, 
-1595047210L, -466178645L, 1851326152L, -651707632L, 891139583L, 
-805682579L, -1020536470L, -472227443L, 1923461773L, 2013663510L, 
1319112985L, -143652180L, 675553602L, 959464286L, -865636624L, 
-2050946449L, -1207139135L, 1908936089L, 1502788902L, -1394048968L, 
1470828902L, -1594879681L, 561229625L, -1252407218L, -1166976092L, 
-1657680557L, 208537532L, -1759931691L, -1473275621L, 1104875511L, 
-291533897L, 562776208L, -620371154L, 988831269L, -888618775L, 
1020871672L, 355286698L, -906321800L, 1720879818L, 483811579L, 
-2032470763L, -1099459312L, -639274533L, 1232951119L, -17805683L, 
-463648133L, -537801978L, -1374575478L, -793370715L, -223233438L, 
277929692L, -1016884710L, 1022745928L, 649150613L, -206680255L, 
